<?xml version="1.0"?>
<opencv_storage>
<calibration_time>"2022年12月14日 星期三 15时45分11秒"</calibration_time>
<nr_of_frames>8</nr_of_frames>
<image_width>1754</image_width>
<image_height>1240</image_height>
<board_width>9</board_width>
<board_height>6</board_height>
<square_size>50.</square_size>
<fix_aspect_ratio>1.</fix_aspect_ratio>
<!-- flags: +fix_aspectRatio +fix_principal_point +zero_tangent_dist +fix_k4 +fix_k5 -->
<flags>6158</flags>
<fisheye_model>0</fisheye_model>
<camera_matrix type_id="opencv-matrix">
  <rows>3</rows>
  <cols>3</cols>
  <dt>d</dt>
  <data>
    1.8964651253152616e+07 0. 8.7650000000000000e+02 0.
    1.8964651253152616e+07 6.1950000000000000e+02 0. 0. 1.</data></camera_matrix>
<distortion_coefficients type_id="opencv-matrix">
  <rows>5</rows>
  <cols>1</cols>
  <dt>d</dt>
  <data>
    0. 0. 0. 0. 0.</data></distortion_coefficients>
<avg_reprojection_error>7.3963644513455787e-02</avg_reprojection_error>
<per_view_reprojection_errors type_id="opencv-matrix">
  <rows>8</rows>
  <cols>1</cols>
  <dt>f</dt>
  <data>
    7.39636421e-02 7.39636421e-02 7.39636421e-02 7.39636421e-02
    7.39636421e-02 7.39636421e-02 7.39636421e-02 7.39636421e-02</data></per_view_reprojection_errors>
<!-- a set of 6-tuples (rotation vector + translation vector) for each view -->
<extrinsic_parameters type_id="opencv-matrix">
  <rows>8</rows>
  <cols>6</cols>
  <dt>d</dt>
  <data>
    -2.1873544123572376e-02 -8.2376942708538411e-06
    -5.3950965177879582e-08 -2.2073613818570095e+02
    -1.2497012952448327e+02 6.4224561408072487e+06
    -2.1873544123572376e-02 -8.2376942708538411e-06
    -5.3950965177879582e-08 -2.2073613818570095e+02
    -1.2497012952448327e+02 6.4224561408072487e+06
    -2.1873544123572376e-02 -8.2376942708538411e-06
    -5.3950965177879582e-08 -2.2073613818570095e+02
    -1.2497012952448327e+02 6.4224561408072487e+06
    -2.1873544123572376e-02 -8.2376942708538411e-06
    -5.3950965177879582e-08 -2.2073613818570095e+02
    -1.2497012952448327e+02 6.4224561408072487e+06
    -2.1873544123572376e-02 -8.2376942708538411e-06
    -5.3950965177879582e-08 -2.2073613818570095e+02
    -1.2497012952448327e+02 6.4224561408072487e+06
    -2.1873544123572376e-02 -8.2376942708538411e-06
    -5.3950965177879582e-08 -2.2073613818570095e+02
    -1.2497012952448327e+02 6.4224561408072487e+06
    -2.1873544123572376e-02 -8.2376942708538411e-06
    -5.3950965177879582e-08 -2.2073613818570095e+02
    -1.2497012952448327e+02 6.4224561408072487e+06
    -2.1873544123572376e-02 -8.2376942708538411e-06
    -5.3950965177879582e-08 -2.2073613818570095e+02
    -1.2497012952448327e+02 6.4224561408072487e+06</data></extrinsic_parameters>
<image_points type_id="opencv-matrix">
  <rows>8</rows>
  <cols>54</cols>
  <dt>"2f"</dt>
  <data>
    2.24632477e+02 2.50476318e+02 3.72407013e+02 2.50476074e+02
    5.19982910e+02 2.50475937e+02 6.67579590e+02 2.50475525e+02
    8.15349548e+02 2.50475601e+02 9.62870789e+02 2.50475784e+02
    1.11053296e+03 2.50476120e+02 1.25828503e+03 2.50476212e+02
    1.40577820e+03 2.50476196e+02 2.24633743e+02 3.98116089e+02
    3.72406311e+02 3.98116028e+02 5.19986633e+02 3.98119110e+02
    6.67578674e+02 3.98122040e+02 8.15350891e+02 3.98122681e+02
    9.62868042e+02 3.98120880e+02 1.11053333e+03 3.98117310e+02
    1.25828333e+03 3.98116272e+02 1.40578040e+03 3.98116669e+02
    2.24634674e+02 5.45625000e+02 3.72405762e+02 5.45624756e+02
    5.19988892e+02 5.45623596e+02 6.67578247e+02 5.45622559e+02
    8.15351562e+02 5.45622375e+02 9.62866272e+02 5.45622925e+02
    1.11053345e+03 5.45624084e+02 1.25828235e+03 5.45624695e+02
    1.40578174e+03 5.45624512e+02 2.24634689e+02 6.93375000e+02
    3.72405762e+02 6.93375244e+02 5.19988892e+02 6.93376404e+02
    6.67578247e+02 6.93377441e+02 8.15351562e+02 6.93377625e+02
    9.62866272e+02 6.93377075e+02 1.11053345e+03 6.93375916e+02
    1.25828235e+03 6.93375305e+02 1.40578174e+03 6.93375488e+02
    2.24633759e+02 8.40883911e+02 3.72406311e+02 8.40883972e+02
    5.19986633e+02 8.40880859e+02 6.67578674e+02 8.40877991e+02
    8.15350891e+02 8.40877319e+02 9.62868042e+02 8.40879150e+02
    1.11053333e+03 8.40882690e+02 1.25828333e+03 8.40883728e+02
    1.40578040e+03 8.40883362e+02 2.24632477e+02 9.88523682e+02
    3.72407013e+02 9.88523926e+02 5.19982910e+02 9.88524048e+02
    6.67579590e+02 9.88524475e+02 8.15349548e+02 9.88524414e+02
    9.62870789e+02 9.88524231e+02 1.11053296e+03 9.88523865e+02
    1.25828503e+03 9.88523804e+02 1.40577820e+03 9.88523804e+02
    2.24632477e+02 2.50476318e+02 3.72407013e+02 2.50476074e+02
    5.19982910e+02 2.50475937e+02 6.67579590e+02 2.50475525e+02
    8.15349548e+02 2.50475601e+02 9.62870789e+02 2.50475784e+02
    1.11053296e+03 2.50476120e+02 1.25828503e+03 2.50476212e+02
    1.40577820e+03 2.50476196e+02 2.24633743e+02 3.98116089e+02
    3.72406311e+02 3.98116028e+02 5.19986633e+02 3.98119110e+02
    6.67578674e+02 3.98122040e+02 8.15350891e+02 3.98122681e+02
    9.62868042e+02 3.98120880e+02 1.11053333e+03 3.98117310e+02
    1.25828333e+03 3.98116272e+02 1.40578040e+03 3.98116669e+02
    2.24634674e+02 5.45625000e+02 3.72405762e+02 5.45624756e+02
    5.19988892e+02 5.45623596e+02 6.67578247e+02 5.45622559e+02
    8.15351562e+02 5.45622375e+02 9.62866272e+02 5.45622925e+02
    1.11053345e+03 5.45624084e+02 1.25828235e+03 5.45624695e+02
    1.40578174e+03 5.45624512e+02 2.24634689e+02 6.93375000e+02
    3.72405762e+02 6.93375244e+02 5.19988892e+02 6.93376404e+02
    6.67578247e+02 6.93377441e+02 8.15351562e+02 6.93377625e+02
    9.62866272e+02 6.93377075e+02 1.11053345e+03 6.93375916e+02
    1.25828235e+03 6.93375305e+02 1.40578174e+03 6.93375488e+02
    2.24633759e+02 8.40883911e+02 3.72406311e+02 8.40883972e+02
    5.19986633e+02 8.40880859e+02 6.67578674e+02 8.40877991e+02
    8.15350891e+02 8.40877319e+02 9.62868042e+02 8.40879150e+02
    1.11053333e+03 8.40882690e+02 1.25828333e+03 8.40883728e+02
    1.40578040e+03 8.40883362e+02 2.24632477e+02 9.88523682e+02
    3.72407013e+02 9.88523926e+02 5.19982910e+02 9.88524048e+02
    6.67579590e+02 9.88524475e+02 8.15349548e+02 9.88524414e+02
    9.62870789e+02 9.88524231e+02 1.11053296e+03 9.88523865e+02
    1.25828503e+03 9.88523804e+02 1.40577820e+03 9.88523804e+02
    2.24632477e+02 2.50476318e+02 3.72407013e+02 2.50476074e+02
    5.19982910e+02 2.50475937e+02 6.67579590e+02 2.50475525e+02
    8.15349548e+02 2.50475601e+02 9.62870789e+02 2.50475784e+02
    1.11053296e+03 2.50476120e+02 1.25828503e+03 2.50476212e+02
    1.40577820e+03 2.50476196e+02 2.24633743e+02 3.98116089e+02
    3.72406311e+02 3.98116028e+02 5.19986633e+02 3.98119110e+02
    6.67578674e+02 3.98122040e+02 8.15350891e+02 3.98122681e+02
    9.62868042e+02 3.98120880e+02 1.11053333e+03 3.98117310e+02
    1.25828333e+03 3.98116272e+02 1.40578040e+03 3.98116669e+02
    2.24634674e+02 5.45625000e+02 3.72405762e+02 5.45624756e+02
    5.19988892e+02 5.45623596e+02 6.67578247e+02 5.45622559e+02
    8.15351562e+02 5.45622375e+02 9.62866272e+02 5.45622925e+02
    1.11053345e+03 5.45624084e+02 1.25828235e+03 5.45624695e+02
    1.40578174e+03 5.45624512e+02 2.24634689e+02 6.93375000e+02
    3.72405762e+02 6.93375244e+02 5.19988892e+02 6.93376404e+02
    6.67578247e+02 6.93377441e+02 8.15351562e+02 6.93377625e+02
    9.62866272e+02 6.93377075e+02 1.11053345e+03 6.93375916e+02
    1.25828235e+03 6.93375305e+02 1.40578174e+03 6.93375488e+02
    2.24633759e+02 8.40883911e+02 3.72406311e+02 8.40883972e+02
    5.19986633e+02 8.40880859e+02 6.67578674e+02 8.40877991e+02
    8.15350891e+02 8.40877319e+02 9.62868042e+02 8.40879150e+02
    1.11053333e+03 8.40882690e+02 1.25828333e+03 8.40883728e+02
    1.40578040e+03 8.40883362e+02 2.24632477e+02 9.88523682e+02
    3.72407013e+02 9.88523926e+02 5.19982910e+02 9.88524048e+02
    6.67579590e+02 9.88524475e+02 8.15349548e+02 9.88524414e+02
    9.62870789e+02 9.88524231e+02 1.11053296e+03 9.88523865e+02
    1.25828503e+03 9.88523804e+02 1.40577820e+03 9.88523804e+02
